17420
219.28 237.479 373.82
1.00001 1.00001 1.00001
-0.0163291 0.999617 0.0136568 0.0177041
19801
219.28 237.479 373.82
1.00001 1.00001 1.00001
-0.00288766 -0.569908 0.102256 0.815316
21814
219.28 237.479 373.82
1.00001 1.00001 1.00001
-0.0681115 0.887252 -0.100768 -0.444962
23725
219.28 237.479 373.82
1.00001 1.00001 1.00001
-0.0720721 0.996842 0.0280742 0.0179746
24905
222.659 236.361 403.671
1.00001 1.00001 1.00001
-0.0762223 0.980414 0.0131418 -0.181125
25466
221.018 235.196 430.467
1.00001 1.00001 1.00001
-0.0846658 0.892289 -0.0331631 -0.442213
26085
232.377 237.508 458.457
1.00001 1.00001 1.00001
-0.0785121 0.74696 -0.070465 -0.656446
26740
249.675 240.642 486.3
1.00001 1.00001 1.00001
-0.0530186 0.856541 -0.00686776 -0.513302
27336
260.867 239.548 513.385
1.00001 1.00001 1.00001
-0.0314785 0.968573 0.046302 -0.242345
28266
276.538 236.179 556.994
1.00001 1.00001 1.00001
-0.0287696 0.990484 0.0323581 -0.130641
29071
285.314 234.116 596.047
1.00001 1.00001 1.00001
-0.033604 0.975748 0.0124232 -0.215944
29782
293.891 232.937 627.625
1.00001 1.00001 1.00001
-0.0305551 0.955439 0.026732 -0.292383
30432
314.201 232.061 652.88
1.00001 1.00001 1.00001
-0.0325582 0.929554 0.0242522 -0.366445
31137
342.018 233.194 673.704
1.00001 1.00001 1.00001
-0.0499679 0.861046 -0.0130336 -0.505898
31587
362.891 236.049 681.21
1.00001 1.00001 1.00001
-0.065547 0.786679 -0.0493273 -0.611888
32209
390.652 241.629 679.298
1.00001 1.00001 1.00001
-0.0813883 0.703982 -0.0834675 -0.700585
32693
413.796 247.919 676.999
1.00001 1.00001 1.00001
0.0957934 -0.616836 0.116632 0.772485
33327
440.967 259.18 665.682
1.00001 1.00001 1.00001
0.131731 -0.493864 0.171883 0.842141
33964
462.289 272.389 645.451
1.00001 1.00001 1.00001
0.145332 -0.338546 0.216788 0.904029
34563
475.571 283.641 621.167
1.00001 1.00001 1.00001
0.127605 -0.232187 0.235133 0.935157
35137
485.089 292.961 596.177
1.00001 1.00001 1.00001
0.119321 -0.199409 0.239443 0.942691
35677
494.676 302.431 573.254
1.00001 1.00001 1.00001
0.156183 -0.276582 0.23143 0.919538
36357
515.947 317.239 551.729
1.00001 1.00001 1.00001
0.158125 -0.456295 0.183101 0.856309
36936
540.13 329.446 541.756
1.00001 1.00001 1.00001
0.154303 -0.625261 0.127774 0.754263
37606
571.456 341.864 543.321
1.00001 1.00001 1.00001
-0.163612 0.759591 -0.0841098 -0.623842
38065
591.611 348.348 550.622
1.00001 1.00001 1.00001
-0.157225 0.83168 -0.0429322 -0.530796
38652
613.576 352.547 568.815
1.00001 1.00001 1.00001
-0.147511 0.924943 0.011387 -0.350131
39310
630.563 353.259 597.073
1.00001 1.00001 1.00001
-0.138518 0.974101 0.0560457 -0.1697
39823
636.819 350.044 621.782
1.00001 1.00001 1.00001
-0.125549 0.984844 0.106565 -0.0544354
40379
638.412 343.132 648.238
1.00001 1.00001 1.00001
-0.110867 0.977612 0.171412 0.0510059
41044
631.476 327.83 676.748
1.00001 1.00001 1.00001
-0.0844026 0.933037 0.280376 0.209065
41571
620.432 312.178 695.15
1.00001 1.00001 1.00001
-0.0613645 0.890271 0.328424 0.3095
42197
601.841 292.291 709.446
1.00001 1.00001 1.00001
-0.037011 0.834399 0.37176 0.40522
42998
575.774 265.744 726.175
1.00001 1.00001 1.00001
-0.05589 0.873033 0.34554 0.339546
43482
564.139 251.317 741.517
1.00001 1.00001 1.00001
-0.0740045 0.925253 0.283052 0.241479
44016
555.791 237.173 762.396
1.00001 1.00001 1.00001
-0.106921 0.954751 0.254292 0.11115
44421
556.672 227.941 779.84
1.00001 1.00001 1.00001
-0.149453 0.959547 0.231862 -0.0563292
44874
562.874 219.586 799.685
1.00001 1.00001 1.00001
-0.175551 0.950924 0.196675 -0.162
45314
573.256 213.835 818.727
1.00001 1.00001 1.00001
0.00966155 0.952018 0.105152 -0.287249
45623
582.699 211.131 830.004
1.00001 1.00001 1.00001
0.0604575 0.921945 0.0575697 -0.378217
46017
597.599 208.508 843.004
1.00001 1.00001 1.00001
0.0450696 0.890677 0.0383158 -0.450772
46510
618.918 206.828 853.889
1.00001 1.00001 1.00001
0.0184882 0.810062 0.00635724 -0.586018
46888
637.551 206.468 858.063
1.00001 1.00001 1.00001
0.00689558 0.744376 -0.00541125 -0.667703
47452
664.924 206.386 858.139
1.00001 1.00001 1.00001
-0.0075033 -0.657455 0.00452909 0.753443
47918
688.913 205.89 857.106
1.00002 1.00001 1.00001
0.0263032 0.761469 0.0117776 -0.64756
48333
708.046 204.238 864.263
1.00001 1.00001 1.00001
0.0506017 0.890726 0.0312857 -0.45063
48742
721.605 201.911 878.59
1.00001 1.00001 1.00001
0.0667311 0.951761 0.0457461 -0.295983
49147
729.614 199.542 897.361
1.00001 1.00001 1.00002
0.0784949 0.991987 0.0387366 -0.091108
49505
730.492 197.708 914.678
1.00001 1.00001 1.00002
0.0845945 0.994041 0.0642111 0.0245692
50083
728.39 193.617 943.462
1.00001 1.00001 1.00002
0.0842472 0.98974 0.106011 0.0455963
50411
728.002 191.572 951.153
1.00001 1.00001 1.00002
0.0658038 0.975898 0.19313 -0.0774255
50749
728.771 190.107 954.027
1.00001 1.00001 1.00001
0.0437536 0.949957 0.242064 -0.192541
51425
731.702 186.804 959.217
1.00002 1.00001 1.00001
0.019162 0.922521 0.253707 -0.290208
51990
735.115 184.233 962.656
1.00002 1.00001 1.00001
-0.00823568 0.872186 0.269763 -0.407985
52640
739.891 181.141 966.132
1.00002 1.00001 1.00001
0.0741334 0.869069 0.230046 -0.431628
53213
744.039 178.541 968.973
1.00002 1.00001 1.00001
0.129621 0.833458 0.185378 -0.504164
53818
748.887 175.931 971.351
1.00002 1.00001 1.00001
0.117071 0.812251 0.183537 -0.541163
54341
753.346 173.665 973.201
1.00002 1.00001 1.00001
0.117071 0.812251 0.183537 -0.541163
54757
756.829 171.894 974.646
1.00002 1.00001 1.00001
0.117071 0.812251 0.183537 -0.541163
55042
759.198 170.69 975.629
1.00002 1.00001 1.00001
0.117071 0.812251 0.183537 -0.541163
55324
761.567 169.487 976.611
1.00002 1.00001 1.00001
0.117071 0.812251 0.183537 -0.541163
55728
764.768 167.789 978.281
1.00002 1.00001 1.00001
0.132998 0.856268 0.172398 -0.468397
56060
767.412 166.417 979.347
1.00002 1.00001 1.00001
0.147805 0.881659 0.17116 -0.414167
56324
769.83 165.328 979.37
1.00002 1.00001 1.00002
0.170188 0.93072 0.148924 -0.287433
56567
771.892 164.316 979.784
1.00001 1.00001 1.00002
0.177641 0.938875 0.151053 -0.253259
56815
774.059 163.199 980.339
1.00001 1.00001 1.00002
0.178952 0.941049 0.149497 -0.245057
57309
778.163 160.997 982.081
1.00001 1.00001 1.00002
0.195069 0.96934 0.104904 -0.106412
57885
783.095 158.674 982.816
1.00001 1.00001 1.00002
0.212617 0.970282 0.0620552 0.0974506
58348
786.95 156.674 984.412
1.00002 1.00001 1.00002
0.218699 0.935878 0.0306159 0.274527
58898
789.433 154.793 988.215
1.00002 1.00001 1.00002
0.203022 0.79989 -0.00951459 0.564684
59332
785.674 155.652 989.105
1.00002 1.00001 1.00002
0.160309 0.638677 -0.0101384 0.752523
59974
779.648 157.3 988.066
1.00002 1.00001 1.00002
0.160107 0.625446 -0.0129346 0.763555
60456
775.052 158.551 987.249
1.00002 1.00001 1.00002
0.153272 0.618861 -0.00893109 0.77035
60963
770.133 159.75 986.215
1.00002 1.00001 1.00002
0.146507 0.612157 -0.00480889 0.77703
61464
765.264 160.413 985.454
1.00002 1.00001 1.00002
0.0781329 0.66927 0.0598822 0.736469
61929
760.624 160.234 985.124
1.00002 1.00001 1.00002
0.0122471 0.686686 0.121438 0.716635
62465
755.7 158.361 984.665
1.00002 1.00001 1.00002
-0.148101 0.641637 0.273979 0.700931
62904
752.652 155.399 983.958
1.00002 1.00002 1.00001
-0.252467 0.5697 0.382132 0.682407
63413
750.315 151.008 982.657
1.00002 1.00002 1.00001
-0.332844 0.502893 0.457351 0.653563
63787
748.558 148.02 981.556
1.00002 1.00002 1.00002
-0.221874 0.539053 0.395121 0.709981
64179
745.958 145.295 980.227
1.00002 1.00002 1.00002
-0.158161 0.556105 0.35596 0.734184
64762
741.793 141.69 978.308
1.00002 1.00002 1.00002
-0.151748 0.55919 0.351093 0.735536
65131
739.168 139.432 977.104
1.00002 1.00002 1.00002
-0.151748 0.55919 0.351093 0.735536
65467
736.867 137.415 975.796
1.00002 1.00002 1.00002
-0.139686 0.483616 0.377603 0.777187
65815
734.634 134.771 976.13
1.00002 1.00002 1.00002
-0.0979435 0.328224 0.414044 0.843353
66265
731.898 131.502 974.804
1.00002 1.00002 1.00002
-0.0191808 0.131178 0.435041 0.890598
66701
729.61 128.969 972.155
1.00002 1.00002 1.00002
0.0263982 0.0373666 0.434663 0.899431
67213
727.118 126.227 968.567
1.00002 1.00002 1.00002
0.0287064 -0.0679343 0.430868 0.899396
67589
726.21 124.803 965.341
1.00002 1.00002 1.00002
0.0555729 -0.26424 0.413369 0.869606
68077
726.402 123.745 960.475
1.00002 1.00002 1.00002
0.0486073 -0.403481 0.38297 0.829563
68786
727.462 122.264 953.985
1.00002 1.00002 1.00002
0.0576556 -0.635242 0.312805 0.703774
69252
728.249 120.991 949.644
1.00002 1.00002 1.00002
-0.101229 0.820136 -0.255769 -0.501709
69660
728.051 122.074 952.885
1.00002 1.00002 1.00002
-0.148358 0.911621 -0.221748 -0.312674
70162
726.564 123.094 957.529
1.00002 1.00002 1.00002
-0.184656 0.934874 -0.241525 -0.183248
70449
725.3 123.672 959.998
1.00002 1.00002 1.00002
-0.196377 0.922459 -0.288444 -0.165246
70950
723.924 126.078 963.719
1.00002 1.00002 1.00002
-0.230068 0.876201 -0.412943 -0.0939083
71296
723.708 128.861 965.822
1.00002 1.00002 1.00002
-0.243757 0.846629 -0.468918 -0.0625897
71674
723.254 131.898 967.825
1.00002 1.00002 1.00002
-0.330846 0.81017 -0.469192 -0.11842
72283
722.478 137.108 971.024
1.00002 1.00002 1.00002
-0.554514 0.685852 -0.426563 -0.200406
72739
721.547 140.593 973.71
1.00002 1.00002 1.00002
0.69909 -0.57395 0.350013 0.243604
73260
720.431 144.522 977.139
1.00002 1.00003 1.00002
0.799585 -0.393375 0.299811 0.340636
73721
719.332 148.527 978.783
1.00003 1.00003 1.00002
0.738264 -0.197937 0.324358 0.557296
74229
717.418 153.181 978.437
1.00002 1.00003 1.00002
0.488033 0.129549 0.412892 0.757997
74635
716.814 154.164 977.827
1.00002 1.00003 1.00003
0.271425 0.38068 0.516339 0.7175
75014
719.795 153.158 978.646
1.00002 1.00003 1.00003
0.38544 0.678225 0.427271 0.457044
75361
722.861 151.604 978.916
1.00002 1.00003 1.00003
0.335056 0.485319 0.519766 0.6181
75835
724.741 148.332 980.88
1.00002 1.00003 1.00003
0.244031 0.218674 0.574395 0.750134
76331
723.545 143.486 981.167
1.00002 1.00003 1.00003
0.000788107 0.0299663 0.615943 0.78722
76773
722.718 140.427 978.215
1.00002 1.00003 1.00003
-0.0341446 -0.0527603 0.614876 0.786116
77358
721.862 136.698 974.22
1.00003 1.00003 1.00002
0.625846 -0.255922 0.560885 0.477735
77790
723.409 135.695 976.875
1.00003 1.00003 1.00002
0.643854 -0.196258 0.611728 0.415603
78120
725.389 141.598 992.169
1.00002 1.00003 1.00003
0.385629 -0.2197 0.673043 0.591636
79300
721.389 173.821 1000.36
1.00002 1.00003 1.00003
-0.00604083 -0.0161152 0.757281 0.652862
80003
720.87 192.661 982.344
1.00002 1.00003 1.00003
-0.0465592 -0.0499543 0.752745 0.654761
80435
721.463 192.679 978.051
1.00002 1.00003 1.00003
-0.0531263 -0.0442387 0.75231 0.655172
80888
722.084 192.666 973.593
1.00002 1.00003 1.00003
-0.044251 -0.053114 0.621452 0.780396
81556
722.479 193.359 967.02
1.00003 1.00003 1.00003
0.00230481 -0.0508777 0.373073 0.926403
81937
722.834 193.521 963.205
1.00003 1.00002 1.00003
0.0107428 -0.049784 0.213638 0.975585
82539
723.578 194.06 957.291
1.00003 1.00003 1.00003
0.0906379 -0.0880599 -0.0432613 0.991039
83283
724.915 195.322 950.19
1.00003 1.00003 1.00003
0.0906379 -0.0880599 -0.0432613 0.991039
83984
725.544 196.428 943.313
1.00003 1.00003 1.00003
0.0757518 -0.0267021 -0.0384222 0.996028
84609
725.917 197.354 937.058
1.00003 1.00003 1.00003
0.0583571 -0.0260275 -0.0388823 0.997199
85065
726.32 197.812 932.608
1.00003 1.00003 1.00003
0.0286813 -0.11178 -0.0449417 0.992302
85576
727.329 198.021 927.925
1.00003 1.00003 1.00003
0.0300716 -0.257648 -0.045684 0.96469
86075
726.666 198.487 922.83
1.00003 1.00003 1.00003
0.0251317 -0.357074 -0.0485772 0.932473
86543
727.241 198.797 918.248
1.00003 1.00003 1.00003
0.0150474 -0.528458 -0.0514771 0.847264
86985
729.192 198.982 914.212
1.00003 1.00003 1.00003
0.00912341 -0.620974 -0.0528498 0.781994
87554
732.877 199.095 909.958
1.00003 1.00003 1.00003
-0.00663093 0.747765 0.048208 -0.662178
88087
737.43 198.985 907.234
1.00003 1.00003 1.00003
0.00498362 0.860378 0.0463792 -0.507517
88639
742.809 198.82 906.102
1.00003 1.00003 1.00003
0.0027708 0.882067 0.0384946 -0.469541
89230
748.576 198.688 904.489
1.00003 1.00003 1.00003
7.88107e-005 0.847164 0.038594 -0.529927
89605
751.67 198.683 902.625
1.00003 1.00003 1.00003
-0.00761705 0.724507 0.0378345 -0.688186
90017
755.47 198.586 901.709
1.00003 1.00003 1.00004
0.0137581 -0.600987 -0.0360604 0.798326
90579
760.517 198.455 899.406
1.00003 1.00003 1.00004
0.0159785 -0.389685 -0.0373733 0.920051
91030
764.573 198.369 898.179
1.00004 1.00003 1.00003
0.0254343 -0.0430422 -0.0222028 0.998503
91742
770.739 198.239 895.488
1.00004 1.00003 1.00003
0.0754021 0.373613 -0.00468581 0.924503
92218
775.517 197.972 895.317
1.00004 1.00003 1.00003
0.0631625 0.0782349 -0.0224658 0.994678
92842
779.695 198.144 891.596
1.00004 1.00003 1.00004
0.0436237 -0.266657 -0.0393808 0.961998
93384
782.609 198.461 887.141
1.00004 1.00003 1.00004
0.0425779 -0.291748 -0.0405093 0.954688
93839
785.32 198.865 883.587
1.00004 1.00003 1.00004
0.0977271 -0.351421 -0.0236302 0.930803
94297
791.909 200.518 876.248
1.00004 1.00003 1.00004
0.0977271 -0.351421 -0.0236302 0.930803
94735
806.216 204.124 860.381
1.00004 1.00003 1.00004
0.112963 -0.384075 -0.0206065 0.916134
95215
830.27 205.208 862.255
1.00004 1.00003 1.00004
0.126101 -0.478031 -0.0256205 0.868866
95617
849.68 205.523 867.066
1.00004 1.00003 1.00004
0.125635 -0.493122 -0.0278174 0.860391
96147
873.982 208.2 864.028
1.00004 1.00003 1.00004
0.125635 -0.493122 -0.0278174 0.860391
96696
896.695 213.605 849.605
1.00004 1.00003 1.00004
0.119722 -0.416095 -0.0203936 0.901175
97075
910.233 217.386 836.623
1.00004 1.00003 1.00004
0.112984 -0.352028 -0.0156232 0.929014
97494
922.199 221.339 820.096
1.00004 1.00003 1.00004
0.0895707 -0.235736 -0.0103475 0.967625
97971
929.978 224.694 798.484
1.00004 1.00003 1.00004
0.0560533 -0.107095 -0.00530264 0.992653
98479
935.131 227.547 773.331
1.00004 1.00003 1.00004
0.0560974 -0.0984282 -0.00481329 0.99355
98906
941.397 231.215 753.067
1.00004 1.00003 1.00004
0.124214 -0.210256 -0.00349847 0.969717
99290
949.814 236.054 736.555
1.00004 1.00003 1.00004
0.149234 -0.252393 -0.00318622 0.956042
99833
963.969 244.905 715.812
1.00004 1.00003 1.00004
0.190484 -0.301914 -0.000271387 0.934111
100285
976.684 254.025 698.548
1.00004 1.00003 1.00004
0.246889 -0.268682 0.0252261 0.930709
100718
985.55 264.075 681.611
1.00004 1.00003 1.00004
0.226947 -0.17876 0.0445072 0.956326
101058
989.376 270.427 666.806
1.00004 1.00003 1.00004
0.144515 -0.0729173 0.0578616 0.985115
101602
989.964 276.278 640.995
1.00004 1.00003 1.00004
0.0493934 0.0509064 0.072792 0.994822
102051
986.854 277.733 618.793
1.00004 1.00003 1.00004
0.0108244 0.100277 0.077765 0.991857
102465
981.502 276.326 598.76
1.00004 1.00003 1.00004
-0.0644386 0.172053 0.0853234 0.979268
102992
972.127 271.27 574.33
1.00004 1.00003 1.00004
-0.102168 0.211535 0.0886803 0.967962
103471
952.03 265.347 565.672
1.00004 1.00003 1.00004
-0.103701 0.228396 0.0868838 0.964123
103872
938.239 260.5 553.76
1.00004 1.00003 1.00004
-0.101763 0.304091 0.0765572 0.944093
104239
925.708 255.952 541.306
1.00004 1.00003 1.00004
-0.110885 0.424718 0.0626198 0.896325
104740
905.364 250.21 528.213
1.00004 1.00003 1.00004
-0.0948873 0.539491 0.0360223 0.835852
105290
879.369 246.734 520.352
1.00004 1.00003 1.00004
-0.0347159 0.638063 -0.020887 0.768918
105848
852.143 247.376 516.897
1.00004 1.00003 1.00004
2.65304e-005 0.682275 -0.0509348 0.729319
106337
827.279 249.567 515.592
1.00004 1.00003 1.00004
0.0135387 0.693906 -0.0629365 0.717182
106948
797.576 253.487 514.445
1.00004 1.00003 1.00004
0.0448086 0.6905 -0.0931446 0.715909
107412
773.993 258.187 512.577
1.00004 1.00003 1.00004
0.0415417 0.617894 -0.103403 0.778325
107856
754.032 261.816 505.168
1.00004 1.00003 1.00004
0.0170933 0.481837 -0.103712 0.869934
108189
740.451 263.607 494.476
1.00004 1.00003 1.00004
-0.0155727 0.333391 -0.0971303 0.937643
108524
729.231 264.199 482.833
1.00004 1.00003 1.00004
-0.0398275 0.166358 -0.0887936 0.981251
108947
714.287 264.842 468.706
1.00004 1.00003 1.00004
-0.0704054 -0.101103 -0.0723614 0.98974
109465
701.959 263.73 445.187
1.00004 1.00003 1.00004
-0.0878352 -0.228812 -0.0638087 0.967398
110055
702.597 259.933 416.827
1.00004 1.00003 1.00004
-0.0862273 -0.494949 -0.0297881 0.86412
110560
710.534 256.267 393.437
1.00004 1.00003 1.00004
-0.0809599 -0.575764 -0.0173997 0.813412
111281
730.96 251.174 364.652
1.00004 1.00003 1.00004
-0.0681617 -0.677237 0.00311335 0.732594
111746
747.772 248.209 350.599
1.00004 1.00003 1.00004
-0.0681319 -0.683605 0.00370801 0.726656
112137
767.623 246.025 349.758
1.00004 1.00003 1.00004
-0.105363 -0.695485 -0.031546 0.710074
112796
797.731 233.018 347.475
1.00004 1.00004 1.00003
-0.266787 -0.55543 -0.22588 0.754521
113190
807.966 217.519 341.959
1.00004 1.00004 1.00003
-0.43721 -0.281261 -0.438571 0.733072
113572
810.252 199.71 344.615
1.00004 1.00004 1.00004
-0.510768 -0.0319087 -0.558523 0.652799
113890
809.592 184.765 341.156
1.00004 1.00004 1.00004
-0.414978 0.343068 -0.156653 0.827985
114412
792.222 173.884 333.837
1.00004 1.00003 1.00004
0.0222769 0.745999 0.248828 0.617313
115146
757.986 161.364 337.793
1.00004 1.00003 1.00004
-0.18898 0.716483 0.0592695 0.668899
115544
739.262 154.609 339.756
1.00004 1.00003 1.00004
-0.18898 0.716483 0.0592695 0.668899
116079
714.288 145.469 341.658
1.00004 1.00003 1.00004
-0.186797 0.692703 0.0658322 0.693496
117357
653.764 124.298 341.882
1.00004 1.00003 1.00004
-0.154983 0.682769 0.0390153 0.712941
117900
627.171 117.332 341.728
1.00004 1.00003 1.00004
-0.137291 0.701972 0.0170063 0.69864
118523
596.963 111.365 343.122
1.00004 1.00003 1.00004
-0.149281 0.707696 0.0283718 0.689983
118972
575.331 105.287 344.256
1.00004 1.00003 1.00004
-0.173271 0.706275 0.0530525 0.684353
119538
548.461 96.444 345.891
1.00004 1.00003 1.00004
-0.173271 0.706275 0.0530525 0.684353
120141
520.111 86.7838 347.6
1.00004 1.00003 1.00004
-0.178713 0.6998 0.0607756 0.688947
120696
494.191 77.6725 348.792
1.00004 1.00003 1.00004
-0.178713 0.6998 0.0607756 0.688947
121244
468.271 68.5612 349.983
1.00004 1.00003 1.00004
-0.178713 0.6998 0.0607756 0.688947
121873
438.423 58.0693 351.355
1.00004 1.00003 1.00004
-0.178713 0.6998 0.0607756 0.688947
122639
402.292 45.3685 353.016
1.00004 1.00003 1.00004
-0.0754035 0.718312 0.159985 0.672865
123296
371.146 36.2034 353.76
1.00004 1.00003 1.00004
-0.041936 0.706743 0.130266 0.694108
123764
348.274 31.936 353.236
1.00004 1.00003 1.00004
0.0120648 0.683158 0.0821665 0.725533
124276
322.672 29.6038 350.69
1.00004 1.00003 1.00004
0.013497 0.670391 0.0819434 0.737346
124915
291.352 26.2532 347.432
1.00004 1.00003 1.00004
0.0070621 0.669651 0.0877906 0.737435
125368
268.306 23.5527 345.002
1.00004 1.00003 1.00004
-0.0122439 0.667123 0.10529 0.737368
125783
247.868 20.2579 342.662
1.00004 1.00003 1.00004
-0.0169393 0.653207 0.111192 0.748779
126378
221.209 17.1404 333.465
1.00004 1.00003 1.00004
0.0485339 0.394089 0.080489 0.914254
126839
205.784 16.7187 317.807
1.00004 1.00003 1.00004
0.00801613 -0.0102262 0.0864241 0.996174
127441
197.113 15.3001 300.36
1.00004 1.00003 1.00004
0.0604035 -0.68626 0.0374927 0.723874
128020
197.113 15.3001 300.36
1.00004 1.00003 1.00004
-0.0536118 0.846322 -0.0112075 -0.529848
128614
197.113 15.3001 300.36
1.00004 1.00003 1.00004
-0.0670237 0.896556 -0.0284525 -0.436904
129078
197.113 15.3001 300.36
1.00004 1.00003 1.00004
-0.0886131 0.982076 -0.03858 -0.16182
129560
197.113 15.3001 300.36
1.00004 1.00003 1.00004
-0.112497 0.971121 -0.0703307 0.198298
130313
175.947 16.4172 305.45
1.00004 1.00003 1.00005
-0.178798 0.71945 -0.0336675 0.670291
130709
164.177 13.6779 304.681
1.00004 1.00003 1.00004
-0.160413 0.625708 -0.0252286 0.762969
131254
159.212 12.5619 305.734
1.00004 1.00003 1.00005
-0.206719 0.816054 -0.0221642 0.539289
131751
155.794 11.9351 309.176
1.00005 1.00003 1.00004
-0.113972 0.958048 0.0403609 0.259858
132129
154.719 11.7539 312.812
1.00005 1.00003 1.00004
-0.0619616 0.993877 -0.00170756 0.0914669
132733
154.036 11.4602 318.75
1.00005 1.00003 1.00004
-0.028553 0.994371 -0.0424503 0.0927872
133180
153.46 11.7185 323.187
1.00005 1.00003 1.00004
-0.0266522 0.999534 0.00698538 -0.0131228
133605
153.554 11.6623 327.352
1.00005 1.00003 1.00004
-0.0265262 0.999611 0.00744948 0.00432346
134018
153.519 11.5993 331.518
1.00005 1.00003 1.00004
-0.0265262 0.999611 0.00744948 0.00432346
134561
153.475 11.5186 336.851
1.00005 1.00003 1.00004
-0.0265262 0.999611 0.00744948 0.00432346
134994
153.563 11.547 341.182
1.00005 1.00003 1.00004
-0.0266326 0.999359 -0.0106935 -0.0213799
135398
153.564 11.6315 345.344
1.00005 1.00003 1.00004
-0.0271557 0.999109 -0.00928494 0.0309518
136101
152.864 11.8974 360.326
1.00005 1.00003 1.00004
-0.0270736 0.999341 -0.00952157 0.0222319
136454
153.789 12.3006 377.766
1.00005 1.00003 1.00004
-0.0262432 0.998004 -0.0116165 -0.056244
136836
155.615 12.7124 396.835
1.00005 1.00003 1.00004
-0.0263091 0.999569 -0.0017472 -0.0128875
137257
154.669 11.8774 417.626
1.00005 1.00003 1.00004
-0.0262422 0.998877 0.0255596 0.0300367
137603
154.998 11.1898 435.07
1.00005 1.00003 1.00004
-0.0279796 0.998338 0.0147022 -0.0481941
138063
158.275 11.1489 442.32
1.00004 1.00003 1.00005
0.0143508 -0.697428 -0.0114035 0.716421
138615
163.727 11.1388 441.796
1.00004 1.00003 1.00005
-0.000620797 0.721716 0.0231612 -0.691801
138966
167.38 11.2906 441.92
1.00004 1.00003 1.00005
-0.0495167 0.715524 -0.0268222 -0.696315
139458
172.173 11.6158 441.582
1.00004 1.00003 1.00005
0.00884918 -0.646063 -0.00461389 0.763219
139863
182.148 11.6729 440.904
1.00004 1.00003 1.00005
0.00859564 -0.685121 -0.00507082 0.728361
140268
202.743 11.2997 441.83
1.00004 1.00003 1.00005
0.01705 0.795311 0.0308824 -0.605174
141909
236.262 10.9092 444.538
1.00005 1.00003 1.00004
0.07222 0.162313 0.049715 0.982836
142251
239.033 11.1898 444.093
1.00005 1.00003 1.00004
0.07222 0.162313 0.049715 0.982836
142725
239.033 11.1898 444.093
1.00005 1.00003 1.00005
0.0665312 -0.141224 0.0238391 0.987452
143197
238.186 11.1931 443.586
1.00005 1.00003 1.00005
0.0459436 -0.447692 -0.00332185 0.893
143541
237.88 11.3263 441.482
1.00005 1.00003 1.00005
-0.0022939 0.88238 0.0480641 -0.468071
143936
239.874 11.3157 440.383
1.00005 1.00004 1.00005
0.0331865 0.98733 -0.00560979 0.155069
144358
240.805 11.2532 440.742
1.00005 1.00004 1.00005
0.0332306 0.999398 -0.000219006 -0.0100163
144706
240.805 11.2532 440.742
1.00005 1.00004 1.00005
0.0295962 0.952529 -0.0165309 -0.302556
145022
241.119 11.2442 440.855
1.00005 1.00004 1.00005
0.0331974 0.817463 -0.00686682 -0.574983
145354
244.373 11.3058 441.293
1.00005 1.00003 1.00005
-0.00404927 -0.691313 0.0430325 0.721261
145784
258.027 11.8581 441.427
1.00005 1.00004 1.00005
-0.00937715 -0.704145 0.0368461 0.709037
146312
284.256 9.89749 440.357
1.00005 1.00004 1.00005
-0.142637 -0.654716 -0.090545 0.736753
147062
293.2 10.3661 440.979
1.00005 1.00004 1.00005
0.197589 0.12635 0.135876 0.962565
147359
292.953 11.3987 441.463
1.00005 1.00004 1.00005
0.21123 0.0784236 0.117672 0.967153
147669
292.347 14.0864 442.643
1.00005 1.00004 1.00005
0.14975 0.0878568 0.126348 0.976674
148188
291.127 18.9816 443.681
1.00005 1.00004 1.00005
0.0249741 0.0373642 0.126696 0.990923
149116
288.842 27.8452 444.164
1.00005 1.00004 1.00005
0.00670982 -0.0265036 0.125341 0.991737
149555
287.89 31.1977 446.152
1.00005 1.00004 1.00005
0.00640409 0.113929 0.127006 0.985317
149950
284.563 30.9916 445.354
1.00005 1.00004 1.00005
0.149641 0.439783 0.0836346 0.881591
150573
278.746 31.481 443.656
1.00005 1.00004 1.00005
0.124087 0.640358 0.115122 0.749193
151275
263.915 30.691 444.302
1.00005 1.00004 1.00005
-0.0795728 0.563974 -0.0386777 0.821039
151593
256.193 30.4153 443.273
1.00005 1.00004 1.00005
-0.0669017 0.672307 -0.0551319 0.735179
151869
242.095 30.8342 442.616
1.00005 1.00004 1.00005
-0.0159485 0.729227 -0.100651 0.676641
152366
217.205 31.5679 442.87
1.00005 1.00004 1.00005
-0.0241213 0.681505 -0.0886508 0.726024
152681
201.451 32.4921 441.715
1.00005 1.00004 1.00005
-0.0567968 0.678358 -0.0589029 0.730161
153168
177.321 32.2051 440.968
1.00005 1.00004 1.00005
-0.066365 0.716563 -0.0499489 0.69256
153893
156.602 30.1131 429.36
1.00005 1.00004 1.00005
-0.0490831 0.130037 -0.00411626 0.990285
154192
153.424 30.8261 415.652
1.00005 1.00004 1.00005
0.0439754 0.0509406 -0.0235552 0.997455
154952
154.091 31.9502 377.618
1.00006 1.00004 1.00005
0.0158778 -0.0268901 -0.0218711 0.999273
155249
154.009 30.5498 362.763
1.00006 1.00004 1.00005
-0.0877051 0.0190614 -0.023242 0.995693
155980
154.101 29.7631 350.67
1.00005 1.00004 1.00005
0.0360656 -0.34192 -0.00789612 0.939004
156213
153.238 29.9928 348.455
1.00006 1.00004 1.00005
0.0677106 -0.0177827 0.0180177 0.997384
156504
153.331 30.3773 345.649
1.00006 1.00004 1.00005
0.0677106 -0.0177827 0.0180177 0.997384
156877
152.896 30.6321 329.884
1.00006 1.00004 1.00005
-0.0379167 0.0324434 0.0212414 0.998528
157176
152.895 30.3582 322.295
1.00006 1.00004 1.00005
-0.0187064 -0.027779 0.0167415 0.999299
158439
153.691 30.7753 310.93
1.00005 1.00004 1.00006
0.0326017 -0.566038 0.00735608 0.823701
158765
153.071 30.8798 307.851
1.00005 1.00004 1.00006
-0.0324816 0.730949 -0.00169029 -0.681657
159172
153.331 31.0598 303.863
1.00005 1.00004 1.00006
-0.0324657 0.724972 -0.0019737 -0.688009
159589
153.552 31.252 299.54
1.00005 1.00004 1.00006
-0.0324472 0.718941 -0.00225695 -0.69431
159891
153.581 31.1558 301.87
1.00005 1.00004 1.00006
0.0323493 -0.694272 0.00338621 0.718978
160250
153.707 31.0156 305.365
1.00005 1.00004 1.00006
0.0323493 -0.694272 0.00338621 0.718978
160563
153.821 30.8888 308.528
1.00005 1.00004 1.00006
0.0323493 -0.694272 0.00338621 0.718978
160906
153.863 30.8421 309.693
1.00005 1.00004 1.00006
0.0323493 -0.694272 0.00338621 0.718978
161213
153.755 30.9622 306.697
1.00005 1.00004 1.00006
0.0323493 -0.694272 0.00338621 0.718978
161501
153.653 31.0757 303.867
1.00005 1.00004 1.00006
0.0323493 -0.694272 0.00338621 0.718978
161847
153.527 31.2159 300.372
1.00005 1.00004 1.00006
0.0323493 -0.694272 0.00338621 0.718978
162141
153.512 31.2361 299.873
1.00005 1.00004 1.00006
0.0323185 -0.687971 0.00366839 0.725009
162430
153.707 31.1274 302.697
1.00005 1.00004 1.00006
0.0259052 -0.681627 -0.00199814 0.731239
162862
154.014 30.9618 307.017
1.00005 1.00004 1.00006
0.0259052 -0.681627 -0.00199814 0.731239
163192
154.574 30.8312 310.279
1.00005 1.00004 1.00006
0.00342944 -0.543761 -0.0241711 0.838885
163526
155.027 30.7923 310.974
1.00006 1.00004 1.00005
0.0397319 0.0603633 0.0170178 0.99724
164279
155.027 30.7923 310.974
1.00006 1.00004 1.00006
0.14876 0.795243 0.0241321 0.587263
164852
155.027 30.7923 310.974
1.00006 1.00004 1.00006
0.0753504 0.677253 -0.0470333 0.730369
